-NONE-      0 1794 4079 1591  183   81    3    0   70  751  120    8  157  427    0   64   29  641   19  417   86   66   35  202  155    2  968   57   50    9    0    0    0    0    1    0   17    6    0   10    3
ARG0     1865 15387  274   78   12    0    0    3    3    3    0    1    1    8    0    0    1   13    0   19    2    0    0    0    0    0    1   37    0    1    0    0    0    0    0    0    1    0    0    0    0
ARG1     4513  309 23420  312   30   10    0    0    8   24    5    0   20    9    2   11    8   37    0   47    0    0    4    7   24    5   26    3   48    1    0    1    0    0    0    0    1    0    0    0    0
ARG2     1670   69  203 7202   56   43    1    0    3   34   14    4   61    6    0   10   17   71    0   83    0    2    6   29   25    0   23    0    0    1    0    0    0    0    0    0    0    0    0    0    0
ARG3      202    8   15   45  337    3    2    0    1    8    2    1   15    0    0    1    4   17    0    8    0    0    5    4    9    0    5    0    0    0    0    0    0    0    0    0    0    0    0    0    0
ARG4       86    0    4   27    5  406    0    0    0    1    0    0   11    0    0    1    1   11    0    3    0    0    0    2    3    0    1    0    0    0    0    0    0    0    0    0    0    0    0    0    0
ARG5        2    0    0    1    0    0    7    0    0    0    0    0    1    0    0    0    0    0    0    0    0    0    0    0    0    0    0    0    0    0    0    0    0    0    0    0    0    0    0    0    0
ARGA        0    0    0    0    0    0    0    0    0    0    0    0    0    0    0    0    0    0    0    0    0    0    0    0    0    0    0    0    0    0    0    0    0    0    0    0    0    0    0    0    0
ARGM-ADJ   70    1   15    7    1    0    0    0  119    2    0    0    0    0    0   13    0    2    0   10    0    0    0    7    0    0    5    0    0    0    0    0    0    0    0    0    0    0    0    0    0
ARGM-ADV  848    4   14   22    6    3    0    0    1 1817   16    0    7  204    0   29    6   37    0   94    3    1    3   69   11    0  111    6    0    0    0    0    0    0    0    0    0    0    0    0    0
ARGM-CAU  128    0    3    3    1    0    0    0    0   16  359    0    0    2    0    0    2    0    0    4    0    0    3    2    9    0    3    0    0    0    0    0    0    1    0    0    0    0    1    0    0
ARGM-COM   16    0    0    2    0    0    0    0    0    0    0   15    0    0    0    0    0    0    0    7    0    0    0    0    0    0    0    0    0    0    0    0    0    0    0    0    0    0    0    0    0
ARGM-DIR  123    1   17   28    8   12    2    1    0    4    2    0  248    0    0    0    8    7    0    6    0    0    0    3    0    0    1    0    0    0    0    0    0    0    0    0    0    0    0    0    1
ARGM-DIS  457    6   13    3    0    0    0    0    0  159    2    0    0 2293    0    0    0    1    0    8    0    2    0    1    2    0   36    0    0    0    0    0    0    0    0    0    0    0    0    0    0
ARGM-DSP    0    0    0    0    0    0    0    0    0    0    0    0    0    0    0    0    0    0    0    0    0    0    0    0    0    0    0    0    0    0    0    0    0    0    0    0    0    0    0    0    0
ARGM-EXT   52    0    8   11    1    3    0    0    5   27    0    0    1    1    0  100    0    1    0   37    0    0    0    1    0    0    3    0    0    0    0    0    0    0    0    0    0    0    0    0    0
ARGM-GOL   23    0    0    2    1    0    0    0    0    2    1    0    6    0    0    0   18    1    0    1    0    0    0    1    0    0    0    0    0    0    0    0    0    0    0    0    0    0    0    0    0
ARGM-LOC  546   11   23   50    4   12    1    0    0   30    2    0    9    4    0    3    0 1265    0   23    0    0    1    8    0    0   35    0    3    0    0    0    0    0    0    0    7    0    0    2    0
ARGM-LVB   10    0    0    0    0    0    0    0    0    0    0    0    0    0    0    0    0    0   36    0    0    0    0    0    0    0    0    0    0    0    0    0    0    0    0    0    0    0    0    0    0
ARGM-MNR  367   16   51   71   15    3    0    0   39  110    2    4    5    5    0   39    0   30    0 1185    1    3    0   16    2    0   37    0    0    0    0    0    0    0    0    0    0    0    0    0    0
ARGM-MOD   87    0    0    0    0    0    0    0    0    1    0    0    0    0    0    0    0    0    0    1 2731    0    0    0    0    0    0    0    0    0    0    0    0    0    0    0    0    0    0    0    0
ARGM-NEG   78    1    0    0    0    0    0    0    0    0    0    0    0    0    0    0    0    0    0    0    0 1465    0    0    0    0   13    0    0    0    0    0    0    0    0    0    0    0    0    0    0
ARGM-PNC   42    0    1    7    3    2    0    0    0    3    2    0    1    0    0    0    2    0    0    2    0    0   17    0   23    0    0    0    0    0    0    0    0    0    0    0    0    0    0    0    0
ARGM-PRD  157    0   10   15    2    2    0    0    3   66    1    1    2    0    0    0    0    4    0   13    0    0    1   52    0    0    2    0    1    0    0    0    0    0    0    0    0    0    0    0    0
ARGM-PRP  178    2   21   34    5    2    0    0    0    3   13    0    0    0    0    0    1    1    0    3    0    0   38    4  260    0    2    1    0    0    0    0    0    0    0    0    0    0    0    0    0
ARGM-REC    1    0    0    0    0    0    0    0    0    0    0    0    0    0    0    0    0    0    0    0    0    0    0    0    0    6    0    0    0    0    0    0    0    0    0    0    0    0    0    0    0
ARGM-TMP  977    3   24   15    5    1    0    0    2   98    8    0    4   39    0    2    0   24    0   22    0   22    0    6    1    0 4722    1    0    0    0    0    0    0    0    0    0    0    0   20    0
R-ARG0     35   23    0    1    0    0    0    0    0    7    2    0    0    1    0    0    0    0    0    0    0    0    0    1    3    0    1  873   11    6    3    0    0    0    0    0    1    0    0    0    0
R-ARG1     54    0   34    0    1    0    0    0    0    2    0    0    0    1    0    0    0    1    0    0    1    0    0    1    1    0    1   16  593    9    0    0    0    0    0    0    1    0    0    0    0
R-ARG2      7    1    0    3    0    0    0    0    0    0    0    0    0    0    0    0    0    0    0    0    0    0    0    0    0    0    0    7    4   28    2    1    0    0    0    1    2    0    0    1    0
R-ARG3      0    0    0    0    0    0    0    0    0    0    0    0    0    0    0    0    0    0    0    0    0    0    0    0    0    0    0    1    0    0    1    0    0    0    0    0    0    0    0    0    0
R-ARG4      0    0    0    0    0    0    0    0    0    0    0    0    0    0    0    0    0    0    0    0    0    0    0    0    0    0    0    0    0    0    0    0    0    0    0    0    0    0    0    0    0
R-ARGM-ADV    1    0    0    0    0    0    0    0    0    0    0    0    0    0    0    0    0    0    0    0    0    0    0    0    0    0    0    0    0    0    0    0    0    0    0    0    1    0    0    0    0
R-ARGM-CAU    2    0    0    0    0    0    0    0    0    0    1    0    0    0    0    0    0    0    0    0    0    0    0    0    0    0    0    0    0    0    0    0    0    1    0    0    0    0    0    0    0
R-ARGM-DIR    0    0    0    0    0    0    0    0    0    0    0    0    0    0    0    0    0    0    0    0    0    0    0    0    0    0    0    0    0    0    0    0    0    0    0    0    0    0    0    0    0
R-ARGM-EXT    0    0    0    0    0    0    0    0    0    0    0    0    0    0    0    0    0    0    0    0    0    0    0    0    0    0    0    0    0    0    0    0    0    0    0    1    0    0    0    0    0
R-ARGM-LOC   13    0    0    0    0    0    0    0    0    0    0    0    0    0    0    0    0   13    0    0    0    0    0    0    0    0    0    0    2    2    1    0    2    0    0    0   57    1    0    2    0
R-ARGM-MNR    2    0    0    0    0    0    0    0    0    0    0    0    0    0    0    0    0    0    0    0    0    0    0    0    0    0    0    0    1    0    0    0    0    0    0    0    0    7    0    0    0
R-ARGM-PRP    0    0    0    0    0    0    0    0    0    0    0    0    0    0    0    0    0    0    0    0    0    0    0    0    0    0    0    0    0    0    0    0    0    0    0    0    0    0    0    0    0
R-ARGM-TMP   15    0    0    0    0    0    0    0    0    0    0    0    0    0    0    0    0    0    0    0    0    0    0    0    0    0    4    0    1    0    0    0    1    0    0    0    1    0    0   41    0
V           0    0    0    0    0    0    0    0    0    0    0    0    0    0    0    0    0    0    0    0    0    0    0    0    0    0    0    0    0    0    0    0    0    0    0    0    0    0    0    0 34779